148 148 148 149 149 150 150 150 151 151 151 152 152 152 152 153 153 153 153 154 154 154 154 155 155 155 155 155 155 156 156 156 156 156 156 156 156 156 156 156 156 156 156 156 156 156 156 156 156 156 156 156 156 156 156 156 156 155 155 155 155 155 155 154 154 154 154 153 153 153 153 152 152 152 151 151 151 151 150 150 149 149 149 148 148 148 147 147 146 146 146 145 145 144 144 143 143 142 142 141 141 140 140 139 139 138 138 137 137 136 136 135 135 134 134 133 133 132 131 131 130 130 129 129 128 128 127 127 
143 144 144 144 145 145 146 146 147 147 148 148 149 149 150 151 151 152 152 153 153 154 154 155 155 156 156 157 157 157 158 158 158 159 159 159 159 160 160 160 160 160 160 160 160 160 160 160 160 160 159 159 159 159 158 158 158 157 157 157 156 156 155 155 154 154 153 153 152 152 151 151 150 150 149 149 149 148 148 147 147 146 146 145 145 145 144 144 144 143 143 143 142 142 142 142 141 141 141 141 140 140 140 140 139 139 139 139 138 138 138 138 137 137 137 137 136 136 135 135 135 134 134 133 133 132 132 131 
139 139 140 140 141 141 142 142 143 144 144 145 146 147 148 148 149 150 151 152 152 153 154 155 156 156 157 158 158 159 160 160 161 161 162 162 163 163 163 163 164 164 164 164 164 164 164 163 163 163 163 162 162 161 161 160 160 159 159 158 157 157 156 155 155 154 153 152 152 151 150 150 149 148 147 147 146 146 145 144 144 143 143 142 142 142 141 141 141 141 140 140 140 140 140 140 140 140 140 140 140 140 140 140 140 140 140 140 140 140 140 140 140 140 140 140 140 140 139 139 139 139 138 138 138 137 137 136 
134 135 135 136 136 137 138 139 139 140 141 142 143 144 145 146 147 148 149 150 151 153 154 155 156 157 158 159 160 161 162 162 163 164 164 165 166 166 166 167 167 167 167 167 167 167 167 167 167 166 166 165 165 164 163 163 162 161 160 160 159 158 157 156 155 154 153 152 151 150 149 148 147 146 145 145 144 143 142 142 141 141 140 140 139 139 138 138 138 138 138 138 138 138 138 138 138 138 139 139 139 139 140 140 140 141 141 141 142 142 142 143 143 143 143 143 143 143 143 143 143 143 143 143 142 142 141 141 
130 130 131 131 132 133 134 135 136 137 138 139 140 141 143 144 145 146 148 149 151 152 153 155 156 157 159 160 161 162 163 164 165 166 167 168 168 169 170 170 170 171 171 171 171 171 170 170 170 169 169 168 168 167 166 165 164 163 162 161 160 159 157 156 155 154 153 151 150 149 148 147 145 144 143 142 141 141 140 139 138 138 137 137 136 136 136 135 135 135 135 135 135 136 136 136 137 137 137 138 139 139 140 140 141 141 142 143 143 144 144 145 145 146 146 147 147 147 147 147 147 147 147 147 147 146 146 146 
125 126 126 127 128 129 130 131 132 133 134 136 137 139 140 142 143 145 146 148 150 151 153 155 156 158 159 161 162 164 165 166 167 169 170 170 171 172 173 173 174 174 174 174 174 174 174 173 173 172 172 171 170 169 168 167 166 165 164 162 161 159 158 157 155 154 152 151 149 148 146 145 144 143 141 140 139 138 137 136 136 135 134 134 133 133 133 133 133 133 133 133 133 134 134 135 135 136 136 137 138 139 140 140 141 142 143 144 145 146 146 147 148 149 149 150 150 151 151 151 152 152 152 152 151 151 151 150 
121 121 122 123 124 125 126 127 128 130 131 133 134 136 138 139 141 143 145 147 149 151 153 154 156 158 160 162 163 165 167 168 169 171 172 173 174 175 176 176 177 177 177 177 177 177 177 176 176 175 175 174 173 172 170 169 168 166 165 163 162 160 159 157 155 154 152 150 148 147 145 144 142 141 139 138 137 136 135 134 133 132 132 131 131 130 130 130 130 130 130 131 131 132 132 133 134 134 135 136 137 138 139 141 142 143 144 145 146 147 148 149 150 151 152 153 154 154 155 155 156 156 156 156 156 156 155 155 
117 117 118 119 120 121 122 123 125 126 128 130 131 133 135 137 139 141 143 146 148 150 152 154 156 159 161 163 165 166 168 170 171 173 174 175 177 177 178 179 180 180 180 180 180 180 180 179 179 178 177 176 175 174 173 171 170 168 166 165 163 161 159 157 155 153 151 150 148 146 144 142 141 139 137 136 135 133 132 131 130 130 129 128 128 128 127 127 127 128 128 128 129 130 130 131 132 133 134 136 137 138 139 141 142 144 145 146 148 149 150 152 153 154 155 156 157 158 158 159 159 160 160 160 160 160 159 159 
113 113 114 115 116 117 118 120 121 123 125 126 128 131 133 135 137 140 142 144 147 149 152 154 156 159 161 163 165 168 170 171 173 175 176 178 179 180 181 182 182 183 183 183 183 183 183 182 181 181 180 179 177 176 175 173 171 169 168 166 164 162 160 157 155 153 151 149 147 145 143 141 139 137 136 134 133 131 130 129 128 127 126 126 125 125 125 125 125 125 126 126 127 128 129 130 131 132 133 135 136 138 139 141 143 144 146 147 149 151 152 154 155 157 158 159 160 161 162 163 163 164 164 164 164 164 164 163 
109 109 110 111 112 113 115 116 118 120 122 124 126 128 130 133 135 138 141 143 146 148 151 154 156 159 161 164 166 169 171 173 175 177 178 180 181 182 183 184 185 185 186 186 186 186 185 185 184 183 182 181 179 178 176 175 173 171 169 167 164 162 160 158 155 153 151 148 146 144 142 140 138 136 134 132 130 129 128 126 125 124 124 123 123 122 122 122 123 123 123 124 125 126 127 128 130 131 132 134 136 137 139 141 143 145 147 149 150 152 154 156 157 159 160 162 163 164 165 166 167 167 168 168 168 168 168 167 
105 105 106 107 108 110 111 113 114 116 119 121 123 126 128 131 133 136 139 142 145 148 151 153 156 159 162 164 167 169 172 174 176 178 180 182 183 184 186 186 187 188 188 188 188 188 188 187 186 185 184 183 181 180 178 176 174 172 170 168 165 163 160 158 155 153 150 148 145 143 141 138 136 134 132 130 129 127 126 124 123 122 121 121 120 120 120 120 120 121 121 122 123 124 125 127 128 130 132 133 135 137 139 141 143 145 148 150 152 154 156 158 160 161 163 165 166 167 168 169 170 171 171 172 172 172 172 171 
101 102 103 104 105 106 108 109 111 113 116 118 121 123 126 129 132 135 138 141 144 147 150 153 156 159 162 165 168 170 173 175 177 180 182 183 185 186 188 189 189 190 190 191 191 190 190 189 188 187 186 185 183 181 180 178 175 173 171 168 166 163 161 158 155 152 150 147 144 142 139 137 135 133 130 128 127 125 123 122 121 120 119 119 118 118 118 118 118 119 120 120 121 123 124 126 127 129 131 133 135 137 139 142 144 146 148 151 153 155 157 160 162 164 165 167 169 170 171 173 173 174 175 175 175 175 175 175 
98 98 99 100 101 103 105 106 108 111 113 115 118 121 124 127 130 133 136 139 143 146 149 153 156 159 162 165 168 171 174 176 179 181 183 185 187 188 189 190 191 192 192 193 193 192 192 191 190 189 188 186 185 183 181 179 176 174 172 169 166 164 161 158 155 152 149 147 144 141 138 136 133 131 129 127 125 123 122 120 119 118 117 117 116 116 116 116 116 117 118 119 120 121 123 124 126 128 130 132 135 137 139 142 144 147 149 152 154 157 159 161 164 166 168 170 171 173 174 176 177 177 178 179 179 179 179 178 
94 95 96 97 98 100 101 103 106 108 110 113 116 119 122 125 128 131 135 138 142 145 149 152 155 159 162 165 168 171 174 177 180 182 184 186 188 189 191 192 193 194 194 194 194 194 194 193 192 191 189 188 186 184 182 180 177 175 172 170 167 164 161 158 155 152 149 146 143 140 137 135 132 130 127 125 123 121 120 118 117 116 115 115 114 114 114 114 115 115 116 117 118 120 122 123 125 127 130 132 134 137 139 142 145 147 150 153 155 158 160 163 165 168 170 172 174 175 177 178 179 180 181 182 182 182 182 182 
91 92 93 94 95 97 99 101 103 105 108 111 113 117 120 123 126 130 133 137 141 144 148 152 155 159 162 165 169 172 175 178 180 183 185 187 189 191 192 193 194 195 196 196 196 195 195 194 193 192 191 189 187 185 183 181 178 176 173 170 167 164 161 158 155 152 148 145 142 139 137 134 131 129 126 124 122 120 118 117 115 114 114 113 112 112 112 113 113 114 115 116 117 119 120 122 124 127 129 131 134 137 139 142 145 148 151 154 156 159 162 164 167 169 172 174 176 178 179 181 182 183 184 184 185 185 185 184 
88 89 90 91 93 94 96 98 100 103 106 108 111 115 118 121 125 128 132 136 140 143 147 151 155 158 162 165 169 172 175 178 181 183 186 188 190 192 193 194 195 196 197 197 197 197 196 195 194 193 192 190 188 186 184 181 179 176 173 170 167 164 161 158 154 151 148 145 142 139 136 133 130 127 125 123 121 119 117 115 114 113 112 111 111 111 111 111 112 113 114 115 116 118 120 122 124 126 129 131 134 137 139 142 145 148 151 154 157 160 163 166 169 171 174 176 178 180 182 183 184 186 186 187 187 188 188 187 
86 87 87 89 90 92 94 96 98 101 103 106 109 113 116 120 123 127 131 135 138 142 146 150 154 158 162 165 169 172 175 178 181 184 186 189 191 192 194 195 196 197 198 198 198 198 197 196 195 194 193 191 189 187 184 182 179 176 174 170 167 164 161 158 154 151 148 144 141 138 135 132 129 126 124 122 119 117 116 114 113 112 111 110 110 110 110 110 111 111 112 114 115 117 119 121 123 126 128 131 134 137 140 143 146 149 152 155 158 161 164 167 170 173 175 178 180 182 184 185 187 188 189 189 190 190 190 190 
83 84 85 86 88 89 91 94 96 99 101 104 108 111 114 118 122 126 129 133 137 141 145 149 153 157 161 165 168 172 175 178 181 184 187 189 191 193 194 196 197 198 198 199 199 198 198 197 196 195 193 191 189 187 185 182 180 177 174 171 167 164 161 157 154 151 147 144 141 137 134 131 128 126 123 121 118 116 115 113 112 111 110 109 109 108 109 109 110 110 112 113 114 116 118 120 123 125 128 131 134 137 140 143 146 149 153 156 159 162 165 168 171 174 177 179 181 183 185 187 189 190 191 191 192 192 192 192 
81 82 83 84 86 87 89 92 94 97 100 103 106 109 113 117 120 124 128 132 136 140 145 149 153 157 161 164 168 171 175 178 181 184 187 189 191 193 195 196 197 198 199 199 199 199 198 197 196 195 193 192 190 187 185 182 180 177 174 171 167 164 161 157 154 150 147 143 140 137 134 131 128 125 122 120 118 116 114 112 111 110 109 108 108 108 108 108 109 110 111 112 114 116 118 120 122 125 128 131 134 137 140 143 147 150 153 157 160 163 166 169 172 175 178 180 183 185 187 189 190 191 192 193 194 194 194 194 
80 80 81 82 84 86 88 90 92 95 98 101 104 108 111 115 119 123 127 131 135 139 144 148 152 156 160 164 167 171 174 178 181 184 186 189 191 193 195 196 197 198 199 199 199 199 198 197 196 195 193 192 190 187 185 182 180 177 174 170 167 164 160 157 153 150 146 143 140 136 133 130 127 124 122 119 117 115 113 111 110 109 108 107 107 107 107 108 108 109 110 112 114 115 118 120 122 125 128 131 134 137 140 144 147 150 154 157 161 164 167 170 173 176 179 182 184 186 188 190 192 193 194 195 195 196 196 195 
78 79 80 81 82 84 86 88 91 94 97 100 103 107 110 114 118 122 126 130 134 138 143 147 151 155 159 163 167 170 174 177 180 183 186 188 190 192 194 196 197 198 198 199 199 198 198 197 196 195 193 191 189 187 185 182 179 176 173 170 167 163 160 156 153 149 146 143 139 136 133 130 127 124 121 119 116 114 113 111 110 109 108 107 107 107 107 107 108 109 110 112 113 115 117 120 122 125 128 131 134 137 141 144 147 151 154 158 161 165 168 171 174 177 180 182 185 187 189 191 193 194 195 196 197 197 197 197 
77 77 78 80 81 83 85 87 90 92 95 99 102 105 109 113 117 121 125 129 133 137 142 146 150 154 158 162 166 169 173 176 179 182 185 188 190 192 194 195 196 197 198 198 198 198 197 197 196 194 193 191 189 187 184 182 179 176 173 170 166 163 160 156 153 149 146 142 139 135 132 129 126 123 121 118 116 114 112 111 109 108 107 107 107 107 107 107 108 109 110 112 113 115 118 120 122 125 128 131 134 138 141 144 148 151 155 158 162 165 168 172 175 178 181 183 186 188 190 192 194 195 196 197 197 198 198 198 
76 76 77 79 80 82 84 86 89 91 94 97 101 104 108 112 116 120 124 128 132 136 141 145 149 153 157 161 165 168 172 175 178 181 184 187 189 191 193 194 195 196 197 197 197 197 197 196 195 194 192 190 188 186 184 181 178 175 172 169 166 162 159 156 152 149 145 142 138 135 132 129 126 123 121 118 116 114 112 111 109 108 107 107 107 107 107 107 108 109 110 112 114 116 118 120 123 125 128 131 135 138 141 145 148 152 155 159 162 166 169 172 175 178 181 184 186 189 191 193 194 196 197 198 198 198 199 198 
75 76 77 78 79 81 83 85 88 91 94 97 100 103 107 111 115 119 123 127 131 135 140 144 148 152 156 160 164 167 171 174 177 180 183 185 188 190 191 193 194 195 196 196 196 196 195 195 194 192 191 189 187 185 183 180 177 175 172 168 165 162 158 155 152 148 145 141 138 135 132 129 126 123 121 118 116 114 112 111 110 109 108 107 107 107 107 108 108 109 111 112 114 116 118 121 123 126 129 132 135 138 142 145 149 152 156 159 162 166 169 172 176 179 181 184 187 189 191 193 194 196 197 198 198 199 199 199 
74 75 76 77 79 81 83 85 87 90 93 96 99 103 106 110 114 118 122 126 130 134 138 143 147 151 155 159 162 166 169 173 176 179 181 184 186 188 190 191 193 193 194 194 195 194 194 193 192 191 190 188 186 184 182 179 176 174 171 168 164 161 158 155 151 148 144 141 138 135 132 129 126 123 121 118 116 114 113 111 110 109 108 108 107 107 108 108 109 110 111 113 115 117 119 121 124 126 129 132 136 139 142 145 149 152 156 159 163 166 169 173 176 179 182 184 187 189 191 193 195 196 197 198 199 199 199 199 
74 75 76 77 79 80 82 84 87 90 92 95 99 102 106 109 113 117 121 125 129 133 137 141 145 149 153 157 161 164 168 171 174 177 180 182 184 186 188 190 191 192 192 193 193 193 192 192 191 190 188 187 185 183 180 178 175 173 170 167 164 160 157 154 151 147 144 141 138 135 132 129 126 123 121 119 117 115 113 112 111 110 109 108 108 108 109 109 110 111 112 114 115 117 120 122 124 127 130 133 136 139 143 146 149 153 156 160 163 166 170 173 176 179 181 184 187 189 191 193 194 196 197 198 198 199 199 198 
74 75 76 77 79 80 82 84 87 89 92 95 98 102 105 109 113 116 120 124 128 132 136 140 144 148 152 156 159 163 166 169 172 175 178 180 182 184 186 187 189 190 190 191 191 191 190 190 189 188 186 185 183 181 179 176 174 171 169 166 163 160 156 153 150 147 144 141 138 135 132 129 126 124 121 119 117 116 114 113 111 110 110 109 109 109 110 110 111 112 113 115 116 118 120 123 125 128 131 134 137 140 143 146 150 153 156 160 163 166 169 173 176 178 181 184 186 188 190 192 194 195 196 197 198 198 198 198 
75 75 76 77 79 81 82 85 87 89 92 95 98 101 105 108 112 116 119 123 127 131 135 139 143 147 150 154 157 161 164 167 170 173 176 178 180 182 184 185 186 187 188 188 188 188 188 187 187 186 184 183 181 179 177 175 172 170 167 164 162 159 156 153 150 147 144 141 138 135 132 129 127 124 122 120 118 116 115 114 112 112 111 111 110 110 111 111 112 113 114 116 118 119 122 124 126 129 132 134 137 140 144 147 150 153 157 160 163 166 169 172 175 178 181 183 186 188 190 192 193 194 195 196 197 197 197 197 
75 76 77 78 79 81 83 85 87 90 92 95 98 101 105 108 111 115 119 122 126 130 134 138 141 145 149 152 156 159 162 165 168 171 173 175 178 179 181 182 184 185 185 186 186 186 186 185 184 183 182 181 179 177 175 173 171 168 166 163 160 158 155 152 149 146 143 140 138 135 132 130 127 125 123 121 119 117 116 115 114 113 112 112 112 112 112 113 114 115 116 117 119 121 123 125 127 130 132 135 138 141 144 147 150 154 157 160 163 166 169 172 175 178 180 183 185 187 189 191 192 193 194 195 196 196 196 196 
76 77 78 79 80 82 83 85 88 90 93 95 98 101 104 108 111 115 118 122 125 129 133 136 140 143 147 150 154 157 160 163 166 168 171 173 175 177 178 180 181 182 182 183 183 183 183 182 182 181 180 178 177 175 173 171 169 167 164 162 159 157 154 151 148 146 143 140 138 135 132 130 128 126 124 122 120 119 117 116 115 114 114 113 113 114 114 114 115 116 117 119 120 122 124 126 129 131 134 136 139 142 145 148 151 154 157 160 163 166 169 172 174 177 179 182 184 186 188 189 191 192 193 194 194 195 195 195 
77 78 79 80 81 83 84 86 88 91 93 96 98 101 104 108 111 114 117 121 124 128 131 135 138 142 145 148 151 155 157 160 163 165 168 170 172 174 175 176 178 179 179 180 180 180 180 179 179 178 177 176 174 173 171 169 167 165 163 160 158 155 153 150 148 145 143 140 138 135 133 131 128 126 125 123 121 120 119 118 117 116 116 115 115 115 116 116 117 118 119 121 122 124 126 128 130 132 135 137 140 143 145 148 151 154 157 160 163 165 168 171 174 176 178 181 183 185 186 188 189 190 191 192 193 193 193 193 
79 79 80 81 82 84 85 87 89 91 94 96 99 102 104 107 111 114 117 120 123 127 130 133 137 140 143 146 149 152 155 158 160 163 165 167 169 170 172 173 174 175 176 176 177 177 176 176 176 175 174 173 172 170 168 167 165 163 161 159 156 154 152 149 147 145 142 140 138 135 133 131 129 127 126 124 123 121 120 119 118 118 117 117 117 117 118 118 119 120 121 122 124 125 127 129 131 134 136 138 141 143 146 149 151 154 157 160 162 165 168 170 173 175 177 179 181 183 185 186 188 189 190 190 191 191 191 191 
80 81 81 82 84 85 87 88 90 92 94 97 99 102 105 107 110 113 116 119 123 126 129 132 135 138 141 144 147 150 152 155 157 159 162 164 165 167 168 170 171 172 172 173 173 173 173 173 172 172 171 170 169 167 166 164 163 161 159 157 155 153 151 149 146 144 142 140 138 136 134 132 130 128 127 125 124 123 122 121 120 120 119 119 119 119 120 120 121 122 123 124 126 127 129 131 133 135 137 139 142 144 147 149 152 154 157 159 162 165 167 169 172 174 176 178 180 181 183 184 186 187 188 188 189 189 189 189 
82 82 83 84 85 87 88 90 91 93 95 98 100 102 105 108 110 113 116 119 122 125 128 130 133 136 139 142 144 147 149 152 154 156 158 160 162 163 165 166 167 168 168 169 169 169 169 169 169 168 167 167 166 164 163 162 160 159 157 155 153 152 150 148 146 144 142 140 138 136 134 133 131 130 128 127 126 125 124 123 122 122 122 122 122 122 122 123 123 124 125 126 128 129 131 133 134 136 138 141 143 145 147 150 152 154 157 159 162 164 166 168 171 173 175 176 178 180 181 182 184 184 185 186 186 187 187 187 
84 84 85 86 87 88 90 91 93 95 97 99 101 103 105 108 110 113 115 118 121 124 126 129 132 134 137 139 142 144 147 149 151 153 155 156 158 160 161 162 163 164 164 165 165 165 165 165 165 165 164 163 162 161 160 159 158 156 155 153 152 150 148 147 145 143 142 140 138 137 135 134 132 131 130 128 127 127 126 125 125 124 124 124 124 124 125 125 126 127 128 129 130 131 133 134 136 138 140 142 144 146 148 150 152 155 157 159 161 163 165 167 169 171 173 175 176 178 179 180 181 182 183 183 184 184 184 184 
86 86 87 88 89 90 91 93 94 96 98 100 102 104 106 108 110 113 115 118 120 122 125 127 130 132 135 137 139 141 144 146 148 149 151 153 154 156 157 158 159 160 160 161 161 161 161 161 161 161 160 160 159 158 157 156 155 154 153 151 150 149 147 146 144 143 141 140 138 137 136 134 133 132 131 130 129 128 128 127 127 127 126 126 127 127 127 128 128 129 130 131 132 133 135 136 138 140 141 143 145 147 149 151 153 155 157 159 161 162 164 166 168 170 171 173 174 175 177 178 179 179 180 181 181 181 181 181 
88 89 89 90 91 92 93 95 96 97 99 101 103 104 106 108 111 113 115 117 119 121 124 126 128 130 132 135 137 139 140 142 144 146 147 149 150 151 153 154 155 155 156 156 157 157 157 157 157 157 157 156 156 155 154 153 153 152 151 149 148 147 146 145 144 142 141 140 139 138 136 135 134 133 133 132 131 131 130 130 129 129 129 129 129 130 130 130 131 132 133 134 135 136 137 138 140 141 143 144 146 148 149 151 153 155 156 158 160 162 163 165 166 168 169 171 172 173 174 175 176 177 177 178 178 178 178 178 
91 91 92 92 93 94 95 97 98 99 101 102 104 105 107 109 111 113 114 116 118 120 122 124 126 128 130 132 134 136 137 139 141 142 144 145 146 147 148 149 150 151 151 152 152 153 153 153 153 153 153 152 152 152 151 150 150 149 148 147 147 146 145 144 143 142 141 140 139 138 137 136 136 135 134 134 133 133 132 132 132 132 132 132 132 132 133 133 134 134 135 136 137 138 139 140 142 143 144 146 147 149 150 152 153 155 156 158 159 161 162 164 165 166 167 169 170 171 172 172 173 174 174 175 175 175 175 175 
93 94 94 95 96 97 98 99 100 101 102 103 105 106 108 109 111 113 114 116 118 119 121 123 124 126 128 129 131 133 134 136 137 138 140 141 142 143 144 145 146 146 147 147 148 148 149 149 149 149 149 149 148 148 148 147 147 146 146 145 145 144 143 143 142 141 141 140 139 139 138 137 137 136 136 135 135 135 135 134 134 134 134 135 135 135 136 136 137 137 138 139 139 140 141 142 143 145 146 147 148 149 151 152 153 155 156 157 158 160 161 162 163 164 165 166 167 168 169 170 170 171 171 171 172 172 172 172 
96 96 97 97 98 99 100 101 102 103 104 105 106 107 109 110 111 113 114 115 117 118 120 121 123 124 125 127 128 130 131 132 133 134 136 137 138 139 139 140 141 142 142 143 143 144 144 144 144 145 145 145 145 145 144 144 144 144 143 143 143 142 142 142 141 141 140 140 139 139 139 138 138 138 137 137 137 137 137 137 137 137 137 137 138 138 138 139 139 140 141 141 142 143 144 144 145 146 147 148 149 150 151 152 153 155 156 157 158 159 160 161 162 162 163 164 165 165 166 167 167 168 168 168 168 168 169 169 
99 99 100 100 101 101 102 103 104 105 105 106 107 108 109 110 112 113 114 115 116 117 118 120 121 122 123 124 125 126 127 129 130 131 131 132 133 134 135 136 136 137 138 138 139 139 139 140 140 140 141 141 141 141 141 141 141 141 141 141 141 141 141 140 140 140 140 140 140 140 139 139 139 139 139 139 139 139 139 139 140 140 140 140 141 141 141 142 142 143 143 144 145 145 146 147 147 148 149 150 150 151 152 153 154 154 155 156 157 158 158 159 160 160 161 162 162 163 163 164 164 164 165 165 165 165 165 165 
101 102 102 103 103 104 104 105 106 106 107 108 109 109 110 111 112 113 114 114 115 116 117 118 119 120 121 122 122 123 124 125 126 127 127 128 129 130 130 131 132 132 133 133 134 134 135 135 136 136 136 137 137 137 138 138 138 138 138 139 139 139 139 139 139 140 140 140 140 140 140 140 141 141 141 141 141 141 142 142 142 143 143 143 144 144 144 145 145 146 146 147 147 148 148 149 149 150 150 151 151 152 153 153 154 154 155 155 156 156 157 157 158 158 159 159 160 160 160 160 161 161 161 161 161 161 161 161 
104 105 105 106 106 106 107 107 108 108 109 109 110 111 111 112 112 113 113 114 115 115 116 116 117 118 118 119 120 120 121 121 122 123 123 124 124 125 126 126 127 127 128 128 129 130 130 131 131 132 132 133 133 134 134 135 135 135 136 136 137 137 138 138 139 139 139 140 140 141 141 141 142 142 143 143 143 144 144 145 145 145 146 146 146 147 147 148 148 148 149 149 150 150 150 151 151 151 152 152 152 153 153 153 154 154 154 155 155 155 156 156 156 156 156 157 157 157 157 157 157 157 158 158 158 158 158 158 
107 108 108 108 109 109 109 110 110 110 111 111 111 112 112 112 113 113 113 114 114 114 115 115 115 116 116 116 117 117 117 118 118 119 119 120 120 121 121 122 122 123 123 124 124 125 125 126 127 127 128 129 129 130 131 131 132 133 133 134 135 136 136 137 138 138 139 140 140 141 142 142 143 144 144 145 145 146 147 147 148 148 149 149 149 150 150 151 151 151 152 152 152 152 153 153 153 153 153 153 153 154 154 154 154 154 154 154 154 154 154 154 154 154 154 154 154 154 154 154 154 154 154 154 154 154 154 154 
110 111 111 111 111 112 112 112 112 112 113 113 113 113 113 113 113 113 113 113 113 113 113 113 113 114 114 114 114 114 114 114 115 115 115 115 116 116 116 117 117 118 118 119 119 120 121 121 122 123 124 125 125 126 127 128 129 130 131 132 133 134 135 136 137 138 139 140 141 142 142 143 144 145 146 147 147 148 149 150 150 151 151 152 152 153 153 153 154 154 154 154 155 155 155 155 155 155 155 155 154 154 154 154 154 154 153 153 153 153 153 152 152 152 152 151 151 151 151 151 151 150 150 150 150 150 150 150 
113 113 114 114 114 114 114 114 115 114 114 114 114 114 114 114 114 113 113 113 113 112 112 112 112 111 111 111 111 111 111 111 111 111 111 111 111 112 112 112 113 113 114 114 115 115 116 117 118 119 120 120 122 123 124 125 126 127 128 130 131 132 133 135 136 137 138 140 141 142 143 144 145 146 147 148 149 150 151 152 153 153 154 155 155 155 156 156 156 157 157 157 157 157 157 157 156 156 156 156 155 155 155 154 154 153 153 152 152 151 151 151 150 150 149 149 148 148 148 147 147 147 147 147 147 147 146 147 
116 116 117 117 117 117 117 117 117 117 116 116 116 115 115 114 114 114 113 112 112 111 111 110 110 109 109 109 108 108 108 107 107 107 107 107 107 107 107 108 108 108 109 109 110 111 112 112 113 114 115 116 118 119 120 122 123 124 126 127 129 130 132 133 135 136 138 139 141 142 144 145 147 148 149 150 151 152 153 154 155 156 157 157 158 158 159 159 159 159 159 159 159 159 159 159 158 158 157 157 156 156 155 154 154 153 152 152 151 150 149 149 148 147 147 146 146 145 145 144 144 143 143 143 143 143 143 143 
119 119 119 119 120 119 119 119 119 118 118 118 117 116 116 115 114 114 113 112 111 111 110 109 108 107 107 106 106 105 104 104 104 103 103 103 103 103 103 103 103 104 104 105 105 106 107 108 109 110 111 113 114 115 117 118 120 122 123 125 127 129 130 132 134 136 138 139 141 143 144 146 148 149 151 152 153 154 156 157 158 158 159 160 160 161 161 162 162 162 162 162 161 161 161 160 160 159 159 158 157 156 155 154 154 153 152 151 150 149 148 147 146 145 144 144 143 142 141 141 140 140 140 139 139 139 139 139 
122 122 122 122 122 122 122 121 121 120 120 119 118 118 117 116 115 114 113 112 111 110 109 108 107 106 105 104 103 102 101 101 100 100 99 99 99 99 99 99 99 99 100 100 101 102 103 104 105 106 107 109 110 112 113 115 117 119 121 123 125 127 129 131 133 135 137 139 141 143 145 147 149 150 152 153 155 156 158 159 160 161 162 162 163 163 164 164 164 164 164 164 164 163 163 162 161 161 160 159 158 157 156 155 153 152 151 150 149 147 146 145 144 143 142 141 140 139 138 138 137 137 136 136 136 135 135 135 
124 125 125 125 125 124 124 124 123 122 122 121 120 119 118 116 115 114 113 111 110 109 107 106 105 104 102 101 100 99 98 97 97 96 95 95 95 94 94 94 95 95 95 96 96 97 98 99 101 102 103 105 107 108 110 112 114 116 118 121 123 125 127 130 132 134 137 139 141 143 145 147 149 151 153 155 157 158 159 161 162 163 164 165 165 166 166 166 166 166 166 166 166 165 164 164 163 162 161 160 158 157 156 155 153 152 150 149 147 146 145 143 142 141 139 138 137 136 135 135 134 133 133 132 132 132 132 132 
127 127 127 127 127 127 126 126 125 124 123 122 121 120 118 117 116 114 113 111 110 108 106 105 103 102 100 99 98 96 95 94 93 93 92 91 91 90 90 90 90 91 91 92 92 93 94 95 97 98 100 101 103 105 107 109 111 114 116 118 121 123 126 128 131 134 136 139 141 143 146 148 150 152 154 156 158 160 161 163 164 165 166 167 167 168 168 169 169 169 168 168 167 167 166 165 164 163 162 160 159 158 156 154 153 151 150 148 146 145 143 141 140 139 137 136 135 133 132 131 131 130 129 129 129 128 128 128 
130 130 130 130 129 129 128 128 127 126 125 123 122 121 119 118 116 114 113 111 109 107 105 104 102 100 98 97 95 94 93 91 90 89 88 88 87 87 86 86 86 86 87 87 88 89 90 91 93 94 96 98 100 102 104 106 109 111 114 116 119 122 124 127 130 133 136 138 141 144 146 149 151 153 155 158 159 161 163 164 166 167 168 169 170 170 170 171 171 170 170 170 169 168 167 166 165 164 163 161 159 158 156 154 153 151 149 147 145 143 141 140 138 136 135 133 132 131 129 128 127 127 126 126 125 125 125 125 
132 132 132 132 132 131 130 130 129 127 126 125 123 122 120 118 116 114 112 110 108 106 104 102 100 98 97 95 93 91 90 88 87 86 85 84 83 83 83 82 82 83 83 83 84 85 86 88 89 91 92 94 96 99 101 103 106 109 111 114 117 120 123 126 129 132 135 138 141 144 146 149 152 154 156 159 161 163 164 166 167 169 170 171 171 172 172 172 172 172 172 171 171 170 169 168 166 165 163 162 160 158 156 154 152 150 148 146 144 142 140 138 136 134 133 131 129 128 127 125 124 124 123 122 122 122 122 122 
134 134 134 134 134 133 132 131 130 129 128 126 124 123 121 119 117 114 112 110 108 106 103 101 99 97 95 93 91 89 87 86 84 83 82 81 80 79 79 79 79 79 79 80 80 81 83 84 85 87 89 91 93 96 98 101 103 106 109 112 115 118 122 125 128 131 134 137 141 144 147 149 152 155 157 160 162 164 166 167 169 170 171 172 173 174 174 174 174 174 173 173 172 171 170 169 167 166 164 162 160 158 156 154 152 150 147 145 143 141 138 136 134 132 130 129 127 125 124 123 122 121 120 119 119 119 118 119 
136 137 136 136 136 135 134 133 132 130 129 127 125 123 121 119 117 115 112 110 107 105 102 100 98 95 93 91 89 87 85 83 82 80 79 78 77 76 76 75 75 75 76 76 77 78 79 80 82 84 86 88 90 93 95 98 101 104 107 110 114 117 120 124 127 130 134 137 140 143 147 150 152 155 158 160 163 165 167 169 170 172 173 174 175 175 175 176 175 175 175 174 173 172 171 169 168 166 164 162 160 158 156 154 151 149 146 144 142 139 137 135 132 130 128 126 125 123 121 120 119 118 117 116 116 116 116 116 
138 138 138 138 137 137 136 134 133 132 130 128 126 124 122 119 117 115 112 109 107 104 102 99 96 94 91 89 87 85 83 81 79 77 76 75 74 73 73 72 72 72 72 73 74 75 76 77 79 81 83 85 87 90 93 96 99 102 105 108 112 115 119 122 126 130 133 136 140 143 147 150 153 156 158 161 163 166 168 170 171 173 174 175 176 176 177 177 177 176 176 175 174 173 172 170 168 167 165 163 160 158 156 153 151 148 146 143 140 138 135 133 131 128 126 124 122 121 119 117 116 115 114 114 113 113 113 113 
140 140 140 140 139 138 137 136 134 133 131 129 127 125 122 120 117 115 112 109 106 103 101 98 95 92 90 87 85 83 80 78 77 75 73 72 71 70 70 69 69 69 69 70 71 72 73 74 76 78 80 82 85 88 90 93 97 100 103 107 110 114 118 121 125 129 132 136 139 143 146 150 153 156 159 161 164 166 168 170 172 174 175 176 177 177 178 178 178 177 177 176 175 174 172 171 169 167 165 163 160 158 155 153 150 147 145 142 139 137 134 131 129 127 124 122 120 118 117 115 114 113 112 111 110 110 110 110 
142 142 141 141 140 139 138 137 135 134 132 130 128 125 123 120 117 115 112 109 106 103 100 97 94 91 88 86 83 81 79 76 74 73 71 70 69 68 67 66 66 66 67 67 68 69 70 72 73 75 77 80 82 85 88 91 95 98 101 105 109 112 116 120 124 128 132 135 139 143 146 150 153 156 159 162 164 167 169 171 173 174 176 177 178 178 178 179 178 178 177 177 175 174 173 171 169 167 165 163 160 158 155 152 149 147 144 141 138 135 133 130 127 125 122 120 118 116 114 113 111 110 109 109 108 108 108 108 
143 143 143 142 142 141 139 138 136 135 133 130 128 126 123 120 117 114 111 108 105 102 99 96 93 90 87 84 82 79 77 75 73 71 69 68 66 65 65 64 64 64 64 65 65 66 68 69 71 73 75 78 80 83 86 89 93 96 100 103 107 111 115 119 123 127 131 135 138 142 146 149 153 156 159 162 165 167 169 171 173 175 176 177 178 179 179 179 179 178 178 177 176 174 173 171 169 167 165 162 160 157 154 152 149 146 143 140 137 134 131 128 126 123 121 118 116 114 112 111 109 108 107 106 106 106 105 106 
144 144 144 143 143 142 140 139 137 135 133 131 128 126 123 120 117 114 111 108 105 102 98 95 92 89 86 83 80 78 75 73 71 69 67 66 64 63 62 62 62 62 62 62 63 64 65 67 69 71 73 75 78 81 84 87 91 94 98 102 106 110 114 118 122 126 130 134 138 142 145 149 152 156 159 162 164 167 169 171 173 175 176 177 178 179 179 179 179 179 178 177 176 174 173 171 169 167 165 162 159 157 154 151 148 145 142 139 136 133 130 127 124 122 119 117 115 112 111 109 107 106 105 104 104 104 104 104 
145 145 145 144 143 142 141 139 138 136 134 131 129 126 123 120 117 114 111 108 104 101 98 94 91 88 85 82 79 76 74 71 69 67 65 64 62 61 61 60 60 60 60 60 61 62 63 65 67 69 71 74 76 79 82 86 89 93 97 100 104 108 113 117 121 125 129 133 137 141 145 148 152 155 158 161 164 167 169 171 173 175 176 177 178 179 179 179 179 179 178 177 176 174 173 171 169 166 164 162 159 156 153 150 147 144 141 138 135 132 129 126 123 120 118 115 113 111 109 107 106 104 103 103 102 102 102 102 
146 146 145 145 144 143 141 140 138 136 134 131 129 126 123 120 117 114 111 107 104 101 97 94 90 87 84 81 78 75 73 70 68 66 64 62 61 60 59 58 58 58 58 59 59 60 62 63 65 67 69 72 75 78 81 84 88 91 95 99 103 107 111 116 120 124 128 132 136 140 144 148 151 155 158 161 164 166 169 171 173 175 176 177 178 179 179 179 179 178 178 177 175 174 172 170 168 166 163 161 158 155 152 149 146 143 140 137 134 131 128 125 122 119 116 114 112 109 107 106 104 103 102 101 101 100 100 100 
146 146 146 145 144 143 142 140 138 136 134 132 129 126 123 120 117 114 110 107 103 100 97 93 90 87 83 80 77 74 72 69 67 65 63 61 60 59 58 57 57 57 57 57 58 59 60 62 64 66 68 71 73 76 80 83 86 90 94 98 102 106 110 114 119 123 127 131 135 139 143 147 150 154 157 160 163 166 168 170 172 174 175 177 177 178 178 178 178 178 177 176 175 173 172 170 168 165 163 160 157 154 151 148 145 142 139 136 133 129 126 123 121 118 115 113 110 108 106 104 103 102 101 100 99 99 99 99 
146 146 146 145 144 143 142 140 138 136 134 131 129 126 123 120 117 113 110 107 103 100 96 93 89 86 83 79 76 74 71 68 66 64 62 60 59 58 57 56 56 55 56 56 57 58 59 61 62 65 67 69 72 75 78 82 85 89 93 97 101 105 109 113 118 122 126 130 134 138 142 146 150 153 156 159 162 165 167 170 171 173 175 176 177 177 178 178 177 177 176 175 174 172 171 169 167 164 162 159 156 154 151 147 144 141 138 135 132 128 125 122 119 117 114 112 109 107 105 103 102 101 100 99 98 98 98 98 
146 146 146 145 144 143 142 140 138 136 134 131 129 126 123 120 116 113 110 106 103 99 96 92 89 85 82 79 76 73 70 68 65 63 61 60 58 57 56 55 55 55 55 55 56 57 58 60 62 64 66 69 71 74 77 81 84 88 92 96 100 104 108 112 117 121 125 129 133 137 141 145 148 152 155 158 161 164 166 168 170 172 173 175 175 176 176 176 176 176 175 174 173 171 170 168 166 163 161 158 155 152 149 146 143 140 137 134 131 127 124 121 119 116 113 111 108 106 104 102 101 100 99 98 97 97 97 97 
146 146 146 145 144 143 141 140 138 136 133 131 128 125 122 119 116 113 109 106 102 99 95 92 88 85 82 79 76 73 70 67 65 63 61 59 58 56 55 55 54 54 54 55 55 56 58 59 61 63 65 68 71 74 77 80 84 87 91 95 99 103 107 111 116 120 124 128 132 136 140 144 147 151 154 157 160 162 165 167 169 171 172 173 174 175 175 175 175 174 174 173 171 170 168 166 164 162 160 157 154 151 148 145 142 139 136 133 130 126 123 120 118 115 112 110 108 105 103 102 100 99 98 97 97 97 97 97 
146 146 145 144 143 142 141 139 137 135 133 130 128 125 122 119 116 112 109 105 102 98 95 91 88 85 81 78 75 72 70 67 65 63 61 59 58 56 55 55 54 54 54 55 55 56 57 59 61 63 65 67 70 73 76 80 83 87 90 94 98 102 106 110 115 119 123 127 131 135 139 142 146 149 152 155 158 161 163 165 167 169 170 172 172 173 173 173 173 173 172 171 170 168 167 165 163 161 158 156 153 150 147 144 141 138 135 132 129 126 123 120 117 114 112 109 107 105 103 101 100 99 98 97 96 96 96 97 
145 145 144 144 143 142 140 138 137 134 132 130 127 124 121 118 115 112 108 105 102 98 95 91 88 85 81 78 75 72 70 67 65 63 61 59 58 56 55 55 54 54 54 55 55 56 57 59 61 63 65 67 70 73 76 79 83 86 90 94 97 101 105 109 114 118 122 126 130 133 137 141 144 148 151 154 157 159 162 164 166 167 169 170 171 171 171 172 171 171 170 169 168 167 165 163 161 159 157 154 151 149 146 143 140 137 134 131 128 125 122 119 116 114 111 109 106 104 103 101 100 98 97 97 96 96 96 96 
144 144 143 143 142 141 139 138 136 134 131 129 126 123 121 118 114 111 108 105 101 98 94 91 88 85 81 78 75 73 70 67 65 63 61 60 58 57 56 55 55 55 55 55 56 57 58 59 61 63 65 67 70 73 76 79 82 86 89 93 97 101 105 109 113 117 120 124 128 132 136 139 143 146 149 152 155 157 159 162 163 165 166 167 168 169 169 169 169 169 168 167 166 165 163 161 159 157 155 152 150 147 144 142 139 136 133 130 127 124 121 118 116 113 111 108 106 104 103 101 100 98 98 97 96 96 96 97 
143 143 142 142 141 139 138 136 135 133 130 128 125 123 120 117 114 111 107 104 101 98 94 91 88 85 82 79 76 73 70 68 66 64 62 60 59 58 57 56 56 55 55 56 56 57 58 60 61 63 65 68 70 73 76 79 82 85 89 93 96 100 104 108 112 115 119 123 127 130 134 137 141 144 147 150 153 155 157 159 161 163 164 165 166 166 167 167 167 166 166 165 164 162 161 159 157 155 153 151 148 146 143 140 137 135 132 129 126 123 120 118 115 113 110 108 106 104 103 101 100 99 98 97 97 97 97 97 
142 141 141 140 139 138 137 135 133 131 129 127 124 122 119 116 113 110 107 104 101 97 94 91 88 85 82 79 76 73 71 69 66 64 63 61 60 59 58 57 57 56 56 57 57 58 59 61 62 64 66 68 71 73 76 79 82 85 89 92 96 99 103 107 111 114 118 122 125 129 132 136 139 142 145 148 150 153 155 157 159 160 161 162 163 164 164 164 164 164 163 162 161 160 159 157 155 153 151 149 146 144 141 139 136 133 131 128 125 122 120 117 115 112 110 108 106 104 103 101 100 99 98 98 97 97 97 98 
140 140 139 139 138 137 135 134 132 130 128 126 123 121 118 115 112 109 106 103 100 97 94 91 88 85 82 79 77 74 72 70 67 65 64 62 61 60 59 58 58 58 58 58 59 59 60 62 63 65 67 69 71 74 77 79 82 85 89 92 95 99 102 106 110 113 117 120 124 127 131 134 137 140 143 145 148 150 152 154 156 157 158 159 160 161 161 161 161 161 160 160 159 157 156 154 153 151 149 147 144 142 140 137 135 132 129 127 124 122 119 117 115 112 110 108 106 105 103 102 101 100 99 98 98 98 98 99 
138 138 138 137 136 135 134 132 130 129 127 124 122 120 117 114 112 109 106 103 100 97 94 91 88 85 83 80 78 75 73 71 69 67 65 64 62 61 60 60 59 59 59 60 60 61 62 63 64 66 68 70 72 75 77 80 83 86 89 92 95 99 102 105 109 112 116 119 122 125 129 132 135 137 140 143 145 147 149 151 153 154 155 156 157 158 158 158 158 158 157 157 156 155 153 152 150 149 147 145 143 140 138 136 133 131 128 126 124 121 119 117 114 112 110 108 107 105 104 103 101 101 100 99 99 99 99 100 
136 136 136 135 134 133 132 130 129 127 125 123 121 118 116 113 111 108 105 103 100 97 94 91 89 86 83 81 78 76 74 72 70 68 67 65 64 63 62 62 61 61 61 61 62 63 64 65 66 68 69 71 73 76 78 80 83 86 89 92 95 98 101 105 108 111 114 117 121 124 127 130 132 135 138 140 142 144 146 148 150 151 152 153 154 154 155 155 155 155 154 153 153 152 150 149 148 146 144 142 140 138 136 134 132 130 127 125 123 121 118 116 114 112 111 109 107 106 104 103 102 102 101 101 100 100 101 101 
134 134 134 133 132 131 130 128 127 125 123 121 119 117 115 112 110 107 105 102 100 97 94 92 89 87 84 82 79 77 75 73 72 70 68 67 66 65 64 64 63 63 63 63 64 65 65 66 68 69 71 73 75 77 79 81 84 86 89 92 95 98 101 104 107 110 113 116 119 122 125 127 130 132 135 137 139 141 143 145 146 148 149 150 150 151 151 151 151 151 151 150 149 148 147 146 145 143 142 140 138 136 134 132 130 128 126 124 122 120 118 116 114 113 111 109 108 107 105 104 104 103 102 102 102 102 102 102 
132 132 131 131 130 129 128 126 125 123 122 120 118 116 114 111 109 107 104 102 99 97 94 92 90 87 85 83 81 79 77 75 73 72 70 69 68 67 66 66 66 65 65 66 66 67 68 69 70 71 72 74 76 78 80 82 85 87 90 92 95 98 100 103 106 109 112 114 117 120 122 125 127 130 132 134 136 138 140 141 143 144 145 146 147 147 147 148 148 148 147 147 146 145 144 143 142 141 139 138 136 134 133 131 129 127 125 123 121 120 118 116 114 113 111 110 109 107 106 106 105 104 104 103 103 103 104 104 
130 129 129 128 127 126 125 124 123 121 120 118 116 114 112 110 108 106 104 101 99 97 95 92 90 88 86 84 82 80 78 77 75 74 72 71 70 70 69 68 68 68 68 68 69 69 70 71 72 73 74 76 78 79 81 83 85 88 90 92 95 97 100 103 105 108 110 113 115 118 120 123 125 127 129 131 133 135 136 138 139 140 141 142 143 143 144 144 144 144 143 143 142 142 141 140 139 138 137 135 134 132 131 129 127 126 124 122 121 119 118 116 115 113 112 111 109 108 108 107 106 106 105 105 105 105 106 106 
127 127 126 126 125 124 123 122 121 119 118 116 115 113 111 109 107 105 103 101 99 97 95 93 91 89 87 85 83 82 80 79 77 76 75 74 73 72 72 71 71 71 71 71 71 72 72 73 74 75 76 78 79 81 83 85 87 89 91 93 95 97 100 102 104 107 109 111 114 116 118 120 122 124 126 128 130 131 133 134 135 136 137 138 139 139 140 140 140 140 140 139 139 138 138 137 136 135 134 133 131 130 129 127 126 124 123 122 120 119 117 116 115 114 112 111 110 110 109 108 108 107 107 107 107 107 108 108 
124 124 124 123 122 122 121 120 118 117 116 114 113 111 110 108 106 104 103 101 99 97 95 93 92 90 88 87 85 83 82 81 79 78 77 76 76 75 74 74 74 74 74 74 74 75 75 76 77 78 79 80 81 83 84 86 88 89 91 93 95 97 99 101 103 106 108 110 112 114 116 118 120 121 123 125 126 128 129 130 131 132 133 134 135 135 135 136 136 136 136 135 135 135 134 133 133 132 131 130 129 128 127 126 124 123 122 121 120 118 117 116 115 114 113 112 112 111 110 110 109 109 109 109 109 109 110 110 
122 121 121 120 120 119 118 117 116 115 114 113 111 110 108 107 105 104 102 101 99 97 96 94 92 91 89 88 87 85 84 83 82 81 80 79 78 78 77 77 77 77 77 77 77 77 78 79 79 80 81 82 83 85 86 87 89 90 92 94 95 97 99 101 103 105 106 108 110 112 113 115 117 118 120 121 123 124 125 126 127 128 129 130 130 131 131 131 132 132 132 131 131 131 130 130 129 129 128 127 126 126 125 124 123 122 121 120 119 118 117 116 115 115 114 113 113 112 112 111 111 111 111 111 111 111 112 112 
119 119 118 118 117 116 116 115 114 113 112 111 109 108 107 106 104 103 102 100 99 97 96 95 93 92 91 90 88 87 86 85 84 83 83 82 81 81 81 80 80 80 80 80 80 81 81 82 82 83 84 85 86 87 88 89 90 92 93 94 96 97 99 100 102 104 105 107 108 110 111 113 114 115 117 118 119 120 121 122 123 124 125 125 126 126 127 127 127 127 127 127 127 127 127 126 126 126 125 125 124 123 123 122 121 121 120 119 118 118 117 116 116 115 115 114 114 114 113 113 113 113 113 113 113 114 114 115 
116 116 115 115 114 114 113 112 111 110 110 109 108 107 106 104 103 102 101 100 99 98 97 95 94 93 92 91 90 89 88 88 87 86 86 85 85 84 84 84 83 83 83 83 84 84 84 85 85 86 86 87 88 89 90 91 92 93 94 95 96 97 99 100 101 103 104 105 106 108 109 110 111 112 113 115 116 116 117 118 119 120 120 121 121 122 122 123 123 123 123 123 123 123 123 123 123 122 122 122 121 121 121 120 120 119 119 118 118 117 117 117 116 116 116 115 115 115 115 115 115 115 115 116 116 116 117 117 
113 113 112 112 111 111 110 110 109 108 107 107 106 105 104 103 102 102 101 100 99 98 97 96 95 94 94 93 92 91 91 90 90 89 89 88 88 87 87 87 87 87 87 87 87 87 87 88 88 89 89 90 90 91 92 92 93 94 95 96 97 98 99 100 101 102 103 104 105 106 107 107 108 109 110 111 112 113 113 114 115 115 116 117 117 117 118 118 118 119 119 119 119 119 119 119 119 119 119 119 119 119 119 118 118 118 118 118 117 117 117 117 117 117 117 117 117 117 117 117 117 117 118 118 118 119 119 120 
110 110 109 109 109 108 108 107 106 106 105 105 104 103 103 102 101 101 100 100 99 98 98 97 96 96 95 95 94 94 93 93 92 92 92 91 91 91 91 91 90 90 90 90 91 91 91 91 91 92 92 92 93 93 94 94 95 95 96 97 97 98 99 99 100 101 101 102 103 103 104 105 106 106 107 108 108 109 109 110 111 111 112 112 113 113 113 114 114 114 115 115 115 115 116 116 116 116 116 116 116 116 116 117 117 117 117 117 117 117 117 117 117 117 118 118 118 118 119 119 119 119 120 120 121 121 122 122 
107 107 106 106 106 105 105 104 104 104 103 103 102 102 101 101 101 100 100 99 99 99 98 98 97 97 97 96 96 96 96 95 95 95 95 95 94 94 94 94 94 94 94 94 94 94 94 94 94 95 95 95 95 96 96 96 96 97 97 97 98 98 98 99 99 100 100 101 101 101 102 102 103 103 104 104 105 105 105 106 106 107 107 108 108 108 109 109 110 110 110 111 111 111 112 112 112 113 113 113 114 114 114 115 115 115 116 116 116 117 117 118 118 118 119 119 119 120 120 121 121 122 122 123 123 124 124 125 
104 104 104 103 103 102 102 102 102 101 101 101 101 100 100 100 100 100 99 99 99 99 99 99 99 99 98 98 98 98 98 98 98 98 98 98 98 98 98 98 98 98 98 98 98 98 98 98 98 98 98 98 98 98 98 98 98 98 98 98 98 98 98 99 99 99 99 99 99 99 100 100 100 100 100 101 101 101 102 102 102 102 103 103 104 104 104 105 105 106 106 107 107 108 108 109 109 110 110 111 111 112 112 113 114 114 115 115 116 117 117 118 118 119 120 120 121 122 122 123 123 124 125 125 126 126 127 127 
101 101 101 100 100 100 100 99 99 99 99 99 99 99 99 99 99 99 99 99 99 99 99 100 100 100 100 100 100 101 101 101 101 101 101 101 101 101 101 101 101 101 101 101 101 101 101 101 101 101 101 101 100 100 100 100 100 100 99 99 99 99 99 98 98 98 98 98 98 97 97 97 97 97 97 97 97 97 98 98 98 98 98 99 99 99 100 100 101 101 102 102 103 104 104 105 106 106 107 108 109 110 110 111 112 113 114 115 116 116 117 118 119 120 121 122 122 123 124 125 125 126 127 128 128 129 129 130 
99 98 98 98 97 97 97 97 97 97 97 97 97 97 98 98 98 98 99 99 99 100 100 101 101 101 102 102 103 103 103 104 104 104 104 105 105 105 105 105 105 105 105 105 105 105 105 105 104 104 104 103 103 103 102 102 101 101 101 100 100 99 99 98 98 97 97 96 96 96 95 95 95 94 94 94 94 94 94 94 94 94 94 94 95 95 95 96 96 97 98 98 99 100 101 101 102 103 104 105 106 107 108 109 111 112 113 114 115 116 117 118 120 121 122 123 124 125 126 127 128 128 129 130 131 131 132 133 
96 95 95 95 95 95 95 95 95 95 95 95 96 96 96 97 97 98 98 99 100 100 101 102 102 103 103 104 105 105 106 106 107 107 108 108 108 109 109 109 109 109 109 109 109 109 108 108 108 107 107 106 106 105 105 104 103 103 102 101 100 99 99 98 97 96 96 95 94 94 93 92 92 91 91 91 90 90 90 90 90 90 90 90 90 91 91 92 92 93 93 94 95 96 97 98 99 100 101 103 104 105 106 108 109 111 112 113 115 116 117 119 120 121 123 124 125 126 128 129 130 131 131 132 133 134 134 135 
93 93 92 92 92 92 92 92 92 93 93 94 94 95 95 96 97 97 98 99 100 101 102 103 103 104 105 106 107 108 108 109 110 110 111 111 112 112 112 113 113 113 113 113 112 112 112 111 111 110 110 109 108 108 107 106 105 104 103 102 101 100 99 98 97 96 95 94 93 92 91 90 89 89 88 88 87 87 86 86 86 86 86 86 86 86 87 87 88 89 89 90 91 92 93 95 96 97 99 100 101 103 105 106 108 109 111 113 114 116 118 119 121 122 124 125 127 128 129 130 132 133 134 135 135 136 137 138 
91 90 90 90 90 90 90 90 90 91 91 92 93 93 94 95 96 97 98 99 100 101 103 104 105 106 107 108 109 110 111 112 113 113 114 115 115 116 116 116 116 116 116 116 116 116 115 115 114 114 113 112 111 110 109 108 107 106 104 103 102 100 99 98 96 95 94 93 91 90 89 88 87 86 85 84 84 83 83 82 82 82 82 82 82 82 83 83 84 85 86 86 88 89 90 91 93 94 96 97 99 101 103 104 106 108 110 112 114 116 118 119 121 123 125 126 128 129 131 132 134 135 136 137 138 139 139 140 
88 88 87 87 87 87 88 88 88 89 90 90 91 92 93 94 96 97 98 99 101 102 103 105 106 107 109 110 111 112 113 115 115 116 117 118 119 119 119 120 120 120 120 120 120 119 119 118 117 117 116 115 114 112 111 110 108 107 106 104 102 101 99 98 96 94 93 91 90 89 87 86 85 83 82 81 81 80 79 79 78 78 78 78 78 78 79 79 80 81 82 83 84 85 87 88 90 91 93 95 97 99 101 103 105 107 109 111 113 116 118 120 122 124 126 127 129 131 133 134 135 137 138 139 140 141 142 142 
86 85 85 85 85 85 86 86 87 87 88 89 90 91 92 94 95 97 98 100 101 103 104 106 107 109 110 112 113 115 116 117 118 119 120 121 122 122 123 123 123 124 124 123 123 123 122 121 121 120 119 117 116 115 113 112 110 109 107 105 103 101 100 98 96 94 92 90 89 87 85 84 82 81 80 79 78 77 76 75 75 74 74 74 74 75 75 76 76 77 78 79 80 82 83 85 87 89 91 93 95 97 99 101 104 106 108 111 113 115 118 120 122 124 127 129 130 132 134 136 137 139 140 141 142 143 144 144 
84 83 83 83 83 83 84 84 85 86 87 88 89 90 92 93 95 96 98 100 102 103 105 107 109 110 112 114 115 117 118 120 121 122 123 124 125 126 126 127 127 127 127 127 126 126 125 125 124 123 121 120 119 117 115 114 112 110 108 106 104 102 100 98 96 93 91 89 87 86 84 82 80 79 77 76 75 74 73 72 71 71 71 71 71 71 71 72 73 74 75 76 77 79 80 82 84 86 88 90 93 95 97 100 102 105 108 110 113 115 118 120 123 125 127 130 132 134 136 137 139 140 142 143 144 145 146 146 
82 81 81 81 81 82 82 83 83 84 85 87 88 89 91 93 94 96 98 100 102 104 106 108 110 112 114 116 117 119 121 122 124 125 126 127 128 129 129 130 130 130 130 130 130 129 128 128 127 125 124 123 121 119 117 116 113 111 109 107 105 102 100 98 95 93 91 88 86 84 82 80 78 77 75 73 72 71 70 69 68 68 67 67 67 68 68 68 69 70 71 73 74 76 77 79 81 83 86 88 91 93 96 98 101 104 107 110 112 115 118 120 123 126 128 130 133 135 137 139 140 142 144 145 146 147 148 148 
80 80 79 79 80 80 80 81 82 83 84 86 87 89 90 92 94 96 98 100 103 105 107 109 111 113 115 118 119 121 123 125 126 128 129 130 131 132 133 133 133 133 133 133 133 132 131 130 129 128 127 125 123 121 119 117 115 113 110 108 105 103 100 98 95 93 90 88 85 83 81 79 76 75 73 71 70 68 67 66 65 65 64 64 64 64 65 65 66 67 68 70 71 73 75 77 79 81 84 86 89 91 94 97 100 103 106 109 112 115 118 121 123 126 129 131 134 136 138 140 142 144 145 146 148 149 149 150 
79 78 78 78 78 79 79 80 81 82 83 85 86 88 90 92 94 96 99 101 103 105 108 110 113 115 117 119 121 123 125 127 129 130 132 133 134 135 136 136 136 137 136 136 136 135 134 133 132 131 129 127 125 123 121 119 117 114 112 109 106 103 101 98 95 92 90 87 84 82 79 77 75 73 71 69 67 66 65 63 63 62 61 61 61 61 62 62 63 64 65 67 68 70 72 74 76 79 81 84 87 90 93 96 99 102 105 108 112 115 118 121 124 127 129 132 134 137 139 141 143 145 146 148 149 150 151 152 
77 77 77 77 77 77 78 79 80 81 83 84 86 88 90 92 94 96 99 101 104 106 109 111 114 116 119 121 123 125 127 129 131 133 134 136 137 138 138 139 139 139 139 139 139 138 137 136 135 133 131 130 128 125 123 121 118 115 113 110 107 104 101 98 95 92 89 86 84 81 78 76 73 71 69 67 65 64 62 61 60 59 59 58 58 59 59 59 60 61 63 64 66 68 70 72 74 77 80 82 85 88 91 95 98 101 105 108 111 114 118 121 124 127 130 133 135 138 140 142 144 146 148 149 150 151 152 153 
76 76 76 76 76 76 77 78 79 80 82 84 85 87 90 92 94 97 99 102 104 107 110 112 115 118 120 123 125 127 129 132 133 135 137 138 139 140 141 142 142 142 142 142 141 140 139 138 137 135 134 132 129 127 125 122 119 117 114 111 108 105 101 98 95 92 89 86 83 80 77 74 72 70 67 65 63 62 60 59 58 57 56 56 56 56 56 57 58 59 60 62 63 65 68 70 72 75 78 81 84 87 90 94 97 100 104 107 111 114 117 121 124 127 130 133 136 138 141 143 145 147 149 150 152 153 153 154 
75 75 75 75 75 76 76 77 79 80 82 83 85 87 90 92 94 97 100 102 105 108 111 114 116 119 122 124 127 129 131 134 135 137 139 140 142 143 143 144 144 145 144 144 144 143 142 141 139 137 136 134 131 129 126 124 121 118 115 112 108 105 102 98 95 92 89 85 82 79 76 73 71 68 66 64 62 60 58 57 56 55 54 54 54 54 54 55 56 57 58 60 61 63 66 68 71 73 76 79 82 86 89 93 96 100 103 107 110 114 117 121 124 127 130 133 136 139 142 144 146 148 150 151 153 154 154 155 
75 74 74 74 74 75 76 77 78 80 81 83 85 87 90 92 95 97 100 103 106 109 112 115 118 120 123 126 128 131 133 135 137 139 141 142 144 145 146 146 147 147 147 146 146 145 144 143 141 139 137 135 133 130 128 125 122 119 116 112 109 106 102 99 95 92 88 85 82 79 75 73 70 67 65 62 60 58 57 55 54 53 52 52 52 52 52 53 54 55 56 58 60 62 64 66 69 72 75 78 81 85 88 92 95 99 103 106 110 114 117 121 124 127 131 134 137 139 142 144 147 149 150 152 153 154 155 156 
74 74 74 74 74 75 76 77 78 80 81 83 85 88 90 93 95 98 101 104 107 110 113 116 119 122 125 127 130 132 135 137 139 141 143 144 146 147 148 148 149 149 149 148 148 147 146 144 143 141 139 137 134 132 129 126 123 120 117 113 110 106 103 99 95 92 88 85 81 78 75 72 69 66 64 61 59 57 55 54 53 52 51 50 50 50 51 51 52 53 54 56 58 60 62 65 68 70 73 77 80 83 87 91 94 98 102 106 109 113 117 120 124 127 131 134 137 140 142 145 147 149 151 152 154 155 156 156 
74 74 74 74 74 75 76 77 78 80 81 83 86 88 90 93 96 99 102 105 108 111 114 117 120 123 126 129 131 134 136 139 141 143 145 146 148 149 150 150 151 151 151 150 150 149 148 146 145 143 141 138 136 133 130 127 124 121 117 114 110 107 103 99 96 92 88 85 81 78 74 71 68 65 63 60 58 56 54 53 51 50 50 49 49 49 49 50 51 52 53 55 57 59 61 64 66 69 72 76 79 83 86 90 94 97 101 105 109 113 117 120 124 127 131 134 137 140 142 145 147 149 151 153 154 155 156 156 
74 74 74 74 74 75 76 77 78 80 82 84 86 88 91 94 96 99 102 105 109 112 115 118 121 124 127 130 133 135 138 140 142 144 146 148 149 150 151 152 152 152 152 152 151 150 149 148 146 144 142 140 137 134 131 128 125 122 118 115 111 107 103 100 96 92 88 85 81 78 74 71 68 65 62 60 57 55 53 52 51 49 49 48 48 48 48 49 50 51 52 54 56 58 60 63 65 68 71 75 78 82 85 89 93 97 101 105 109 112 116 120 124 127 130 134 137 140 142 145 147 149 151 153 154 155 156 157 
75 75 74 74 75 76 76 78 79 81 82 85 87 89 92 94 97 100 103 106 109 113 116 119 122 125 128 131 134 137 139 142 144 146 148 149 151 152 153 153 154 154 154 153 152 152 150 149 147 145 143 141 138 135 132 129 126 122 119 115 111 108 104 100 96 92 89 85 81 78 74 71 68 65 62 59 57 55 53 51 50 49 48 47 47 47 47 48 49 50 51 53 55 57 59 62 65 68 71 74 78 81 85 89 92 96 100 104 108 112 116 120 123 127 130 133 137 139 142 145 147 149 151 153 154 155 156 156 
76 75 75 75 76 76 77 78 80 81 83 85 88 90 93 95 98 101 104 107 110 114 117 120 123 126 129 132 135 138 140 143 145 147 149 150 152 153 154 154 155 155 155 154 154 153 151 150 148 146 144 142 139 136 133 130 127 123 119 116 112 108 104 100 96 93 89 85 81 78 74 71 68 65 62 59 57 55 53 51 50 48 48 47 47 47 47 47 48 49 51 52 54 56 59 61 64 67 70 74 77 81 84 88 92 96 100 104 108 112 115 119 123 126 130 133 136 139 142 144 147 149 151 152 153 155 155 156 
77 76 76 76 77 77 78 79 81 82 84 86 89 91 94 96 99 102 105 108 111 115 118 121 124 127 130 133 136 139 141 144 146 148 150 151 153 154 155 155 156 156 156 155 154 153 152 151 149 147 145 142 140 137 134 131 127 124 120 116 113 109 105 101 97 93 89 85 82 78 74 71 68 65 62 59 57 55 53 51 50 48 48 47 47 47 47 47 48 49 50 52 54 56 58 61 64 67 70 73 77 80 84 88 92 95 99 103 107 111 115 119 122 126 129 132 136 138 141 144 146 148 150 151 153 154 155 155 
78 78 77 78 78 79 80 81 82 84 86 88 90 92 95 98 100 103 106 109 113 116 119 122 125 128 131 134 137 140 142 144 147 149 150 152 153 154 155 156 156 156 156 156 155 154 153 151 149 147 145 143 140 137 134 131 128 124 121 117 113 109 105 101 97 93 90 86 82 78 75 71 68 65 62 60 57 55 53 51 50 49 48 47 47 47 47 47 48 49 51 52 54 56 58 61 64 67 70 73 76 80 84 87 91 95 99 103 107 111 114 118 122 125 129 132 135 138 140 143 145 147 149 151 152 153 154 154 
80 79 79 79 79 80 81 82 84 85 87 89 91 94 96 99 102 104 107 111 114 117 120 123 126 129 132 135 138 140 143 145 147 149 151 153 154 155 156 156 157 157 157 156 155 154 153 152 150 148 146 143 140 138 135 131 128 125 121 117 113 110 106 102 98 94 90 86 83 79 75 72 69 66 63 60 58 56 54 52 50 49 48 48 47 47 47 48 49 50 51 53 54 56 59 61 64 67 70 73 76 80 84 87 91 95 99 102 106 110 114 117 121 124 128 131 134 137 139 142 144 146 148 149 151 152 153 153 
81 81 81 81 81 82 83 84 85 87 89 91 93 95 98 100 103 106 109 112 115 118 121 124 127 130 133 136 138 141 143 146 148 150 151 153 154 155 156 157 157 157 157 156 155 154 153 152 150 148 146 143 141 138 135 132 128 125 121 118 114 110 106 102 98 95 91 87 83 80 76 73 70 67 64 61 59 57 55 53 51 50 49 49 48 48 48 49 49 50 52 53 55 57 59 62 64 67 70 73 77 80 83 87 91 95 98 102 106 109 113 117 120 124 127 130 133 136 138 141 143 145 147 148 149 150 151 152 
83 83 83 83 83 84 85 86 87 89 90 92 95 97 99 102 104 107 110 113 116 119 122 125 128 131 134 136 139 141 144 146 148 150 152 153 154 155 156 157 157 157 157 156 155 154 153 152 150 148 146 143 141 138 135 132 128 125 122 118 114 110 107 103 99 95 91 88 84 81 77 74 71 68 65 62 60 58 56 54 53 51 50 50 49 49 49 50 50 51 53 54 56 58 60 62 65 68 70 74 77 80 84 87 91 94 98 102 105 109 112 116 119 123 126 129 132 135 137 139 142 143 145 147 148 149 149 150 
86 85 85 85 86 86 87 88 89 91 93 94 96 99 101 103 106 109 111 114 117 120 123 126 129 131 134 137 139 142 144 146 148 150 152 153 154 155 156 156 156 156 156 156 155 154 153 151 150 148 145 143 140 138 135 132 129 125 122 118 115 111 107 103 100 96 92 89 85 82 78 75 72 69 66 64 61 59 57 55 54 53 52 51 51 51 51 51 52 53 54 55 57 59 61 63 66 68 71 74 77 80 84 87 91 94 98 101 105 108 112 115 118 122 125 128 131 133 136 138 140 142 143 145 146 147 148 148 
88 88 88 88 88 89 90 91 92 93 95 97 98 101 103 105 108 110 113 116 118 121 124 127 129 132 135 137 140 142 144 146 148 150 151 153 154 155 155 156 156 156 156 155 154 153 152 151 149 147 145 143 140 137 135 132 128 125 122 118 115 111 108 104 100 97 93 90 86 83 79 76 73 70 68 65 63 61 59 57 56 55 54 53 53 52 52 53 53 54 55 57 58 60 62 64 67 69 72 75 78 81 84 87 91 94 97 101 104 108 111 114 117 121 124 126 129 132 134 136 138 140 141 143 144 145 145 146 
91 91 91 91 91 92 92 93 94 96 97 99 101 103 105 107 109 112 114 117 120 122 125 128 130 133 135 138 140 142 144 146 148 149 151 152 153 154 155 155 155 155 155 154 154 153 151 150 148 146 144 142 140 137 134 131 128 125 122 119 115 112 108 105 101 97 94 91 87 84 81 78 75 72 69 67 65 63 61 59 58 57 56 55 55 54 54 55 55 56 57 58 60 62 63 66 68 70 73 76 78 81 84 88 91 94 97 101 104 107 110 113 116 119 122 125 127 130 132 134 136 138 139 141 142 143 143 144 
94 94 94 94 94 94 95 96 97 98 100 101 103 105 107 109 111 114 116 118 121 123 126 128 131 133 136 138 140 142 144 146 147 149 150 151 152 153 154 154 154 154 154 153 153 152 150 149 147 146 144 141 139 137 134 131 128 125 122 119 115 112 109 105 102 98 95 92 88 85 82 79 77 74 71 69 67 65 63 61 60 59 58 57 57 57 57 57 58 58 59 60 62 63 65 67 69 72 74 77 79 82 85 88 91 94 97 100 103 106 109 112 115 118 121 123 126 128 130 132 134 136 137 138 139 140 141 141 
98 97 97 97 97 98 98 99 100 101 102 104 106 107 109 111 113 115 118 120 122 125 127 129 131 134 136 138 140 142 144 145 147 148 150 151 151 152 153 153 153 153 153 152 151 150 149 148 146 145 143 141 138 136 133 131 128 125 122 119 116 112 109 106 103 99 96 93 90 87 84 81 78 76 73 71 69 67 65 64 63 62 61 60 60 59 59 60 60 61 62 63 64 65 67 69 71 73 75 78 80 83 86 88 91 94 97 100 103 106 109 111 114 117 119 122 124 126 128 130 132 133 135 136 137 137 138 138 
101 101 100 100 101 101 102 102 103 104 105 107 108 110 112 113 115 117 119 121 124 126 128 130 132 134 136 138 140 142 143 145 146 148 149 150 150 151 151 152 152 152 151 151 150 149 148 147 145 143 142 139 137 135 133 130 127 125 122 119 116 113 110 107 103 100 97 94 91 88 86 83 80 78 76 74 72 70 68 67 65 64 63 63 62 62 62 62 63 63 64 65 66 68 69 71 73 75 77 79 81 84 86 89 92 94 97 100 102 105 108 110 113 115 118 120 122 124 126 128 129 131 132 133 134 135 135 135 
105 104 104 104 104 104 105 106 106 107 108 110 111 112 114 116 117 119 121 123 125 127 129 131 133 135 136 138 140 141 143 144 145 147 148 148 149 150 150 150 150 150 150 149 148 147 146 145 144 142 140 138 136 134 132 129 127 124 121 119 116 113 110 107 104 101 99 96 93 90 88 85 83 80 78 76 74 73 71 70 68 67 67 66 65 65 65 65 66 66 67 68 69 70 71 73 75 76 78 80 83 85 87 90 92 94 97 99 102 104 107 109 112 114 116 118 120 122 124 125 127 128 129 130 131 132 132 132 
109 108 108 108 108 108 109 109 110 111 112 113 114 115 117 118 120 121 123 125 126 128 130 131 133 135 136 138 139 141 142 143 145 146 146 147 148 148 148 148 148 148 148 147 147 146 145 143 142 140 139 137 135 133 131 129 126 124 121 119 116 113 111 108 105 103 100 97 95 92 90 87 85 83 81 79 77 76 74 73 72 71 70 69 69 68 68 68 69 69 70 71 71 73 74 75 77 78 80 82 84 86 88 90 92 95 97 99 101 104 106 108 110 112 114 116 118 120 121 123 124 125 126 127 128 128 129 129 
113 112 112 112 112 112 112 113 113 114 115 116 117 118 119 120 122 123 125 126 128 129 131 132 134 135 137 138 139 140 142 143 143 144 145 146 146 146 147 147 147 146 146 145 145 144 143 142 140 139 137 136 134 132 130 128 126 123 121 119 116 114 111 109 106 104 101 99 96 94 92 90 88 86 84 82 80 79 77 76 75 74 73 73 72 72 72 72 72 72 73 74 74 75 76 78 79 80 82 84 85 87 89 91 93 95 97 99 101 103 105 107 109 111 112 114 116 117 119 120 121 122 123 124 125 125 126 126 
117 116 116 116 116 116 116 117 117 118 118 119 120 121 122 123 124 125 126 128 129 130 132 133 134 135 137 138 139 140 141 142 142 143 144 144 144 145 145 145 145 144 144 143 143 142 141 140 138 137 136 134 132 131 129 127 125 123 121 118 116 114 112 109 107 105 103 100 98 96 94 92 90 88 87 85 83 82 81 80 79 78 77 76 76 76 75 75 76 76 76 77 78 78 79 80 81 83 84 85 87 89 90 92 94 95 97 99 101 102 104 106 107 109 111 112 114 115 116 117 118 119 120 121 121 122 122 122 
121 121 120 120 120 120 120 120 121 121 122 122 123 124 125 125 126 127 128 129 130 131 132 133 135 136 136 137 138 139 140 140 141 142 142 142 143 143 143 143 142 142 142 141 140 140 139 138 137 135 134 133 131 129 128 126 124 122 120 118 116 114 112 110 108 106 104 102 100 98 96 95 93 91 90 88 87 86 84 83 82 82 81 80 80 79 79 79 79 79 80 80 81 81 82 83 84 85 86 87 89 90 91 93 94 96 97 99 100 102 103 105 106 107 109 110 111 112 113 114 115 116 117 117 118 118 119 119 
125 125 125 124 124 124 124 124 125 125 125 126 126 127 127 128 129 129 130 131 132 133 133 134 135 136 136 137 138 138 139 139 140 140 140 141 141 141 141 140 140 140 139 139 138 137 136 135 134 133 132 131 129 128 127 125 123 122 120 118 116 115 113 111 109 107 106 104 102 100 99 97 96 94 93 91 90 89 88 87 86 85 85 84 84 84 83 83 83 83 83 84 84 85 85 86 87 87 88 89 90 91 93 94 95 96 97 99 100 101 102 103 105 106 107 108 109 110 111 112 112 113 114 114 114 115 115 115 
130 129 129 129 129 128 128 128 128 129 129 129 129 130 130 131 131 132 132 133 133 134 134 135 135 136 136 137 137 137 138 138 138 138 139 139 139 139 138 138 138 137 137 136 136 135 134 133 132 131 130 129 128 127 125 124 122 121 120 118 117 115 113 112 110 109 107 106 104 103 101 100 99 97 96 95 94 93 92 91 90 90 89 88 88 88 87 87 87 87 87 87 88 88 88 89 89 90 91 91 92 93 94 95 96 97 98 99 99 100 101 102 103 104 105 106 107 107 108 109 109 110 110 111 111 111 111 111 
134 134 133 133 133 133 133 132 132 132 132 133 133 133 133 133 133 134 134 134 134 135 135 135 136 136 136 136 136 137 137 137 137 137 137 137 137 136 136 136 135 135 134 134 133 133 132 131 130 129 128 127 126 125 124 123 122 120 119 118 117 115 114 113 111 110 109 108 106 105 104 103 102 100 99 98 98 97 96 95 94 94 93 93 92 92 92 91 91 91 91 91 91 91 92 92 92 93 93 94 94 95 95 96 96 97 98 98 99 100 100 101 102 102 103 104 104 105 105 106 106 106 107 107 107 108 108 108 
139 138 138 138 137 137 137 137 136 136 136 136 136 136 136 136 136 136 136 136 136 136 136 136 136 136 136 136 136 136 136 135 135 135 135 135 134 134 134 133 133 132 132 131 131 130 129 129 128 127 126 125 125 124 123 122 121 120 119 118 117 116 115 114 112 111 110 109 108 107 106 106 105 104 103 102 101 101 100 99 99 98 98 97 97 96 96 96 95 95 95 95 95 95 95 95 95 95 96 96 96 96 97 97 97 98 98 98 99 99 100 100 100 101 101 101 102 102 102 103 103 103 103 104 104 104 104 104 
143 143 142 142 142 141 141 141 140 140 140 139 139 139 139 138 138 138 138 137 137 137 137 136 136 136 136 135 135 135 134 134 134 133 133 133 132 132 131 131 130 130 129 129 128 128 127 126 126 125 124 124 123 122 121 121 120 119 118 118 117 116 115 114 114 113 112 111 111 110 109 108 108 107 106 106 105 105 104 103 103 102 102 101 101 101 100 100 100 99 99 99 99 99 98 98 98 98 98 98 98 98 98 98 98 98 98 98 99 99 99 99 99 99 99 99 99 100 100 100 100 100 100 100 100 100 100 100 
148 147 147 147 146 146 145 145 144 144 143 143 143 142 142 141 141 140 140 139 139 138 138 137 137 136 135 135 134 134 133 133 132 132 131 131 130 129 129 128 128 127 127 126 126 125 124 124 123 123 122 122 121 121 120 120 119 118 118 117 117 116 116 115 115 114 114 113 113 112 112 111 111 110 110 109 109 109 108 108 107 107 106 106 106 105 105 104 104 104 103 103 103 102 102 102 101 101 101 100 100 100 100 99 99 99 99 99 98 98 98 98 98 98 97 97 97 97 97 97 97 97 97 97 97 97 97 97 
